$ Femap Coordinate System 3 : aero
CORD2R         3       0      0.      0.      0.      0.      0.      1.+       
+             1.      0.      0.        
$
$
PAERO1         1                                                        
$
$*******************************************************************************
$ LADO ESQUERDO
$*******************************************************************************
CAERO1         1       1       0      81                       2       1+       
+       -1.15007    -.22 1.68797   2.302-1.15007 -33.0641.687969   2.302
$
AEFACT         2      0.   .0625    .125   .1875     .28    .375      .5+       
+           .625     .75    .875      1.                                
SPLINE1        1       1       1     810       1      0.     IPS    BOTH
SET1           1     248     249     925     926    1093    1094    1229+       
+           1230    1365    1366    3032    3056    3643    3644    3645+       
+           3646    3647    3648    3649    3650    3651    3652    3653+       
+           3654    3655    3656    3657    3658    3659    3660    3661+       
+           3662    3663    3664    3665    3666    3667    3668    3669+       
+           3670    3671    3672    3683    3684    3695    3696    3697+       
+           3703    5243    5612    6295    7234    7278    7603    7680+       
+           7748    8413    9395   10402   11384   12415   13397   14406+       
+          15388   17219   17588   19210   19579   20282   21273   22280+       
+          23262   25229   25598   27218   27587   29227   29596   31216+       
+          31585   32153   33135   34142   35124   35527   35538   35549+       
+          35555   37121   37490   39110   39479   39557   39563   40039+       
+          41021   43132   43501   76883   77284   77852   78834   79841+       
+          80823   81850   82832   83839   84821   92655   93024  110368+       
+         110737 
$
$*******************************************************************************
$ LADO DIREITO
$*******************************************************************************
CAERO1      1001       1       0      81                       1       1+       
+       -1.15007  33.0641.687971   2.302-1.15007     .22 1.68797   2.302
$
AEFACT         1      0.   .0625    .125   .1875     .28    .375      .5+       
+           .625     .75    .875      1.                                
$
SPLINE1        2    1001    1001    1810       2      0.     IPS    BOTH
SET1           2       1       2     139     140     362     363     500+       
+            501     664     665    2262    2330    4231    4299    6232+       
+           6300    8370    8381   12236   12242   12248   12259   14383+       
+          14394   18270   18338   20239   20307   20376   20387   20398+       
+          20409   20420   20453   20464   20475   24454   24465   36247+       
+          36315   36384   36395   36406   36428   36450   36461   42419+       
+          42430   45862   46187   46869   47851   48176   48253   48321+       
+          49039   49977   51028   51966   53177   54115   55166   56104+       
+          58161   58486   60150   60475   61317   62255   63306   64244+       
+          66301   66626   68290   68615   70439   70764   72428   72753+       
+          73459   74397   75448   76386   85109   85120   85131   85137+       
+          86719   87044   88708   89033   89247   89258   89739   90677+       
+          90721   94859   95184   96848   97173   97743   98681   99732+       
+         100670  101881  102819  103870  104808  106865  107190  108854+       
+         109179 
$